size = [ 50 100 150 200];

mem = size.^3*3*64;% bits

mem = mem*1/8*0.001; % kB

mem(1)