size = [ 25 50 75 100 125 150];

mem = size.^3*3*64;% bits

mem = mem*1/8*0.001; % kB

real1 = [ 0.128 ]

user1 = [ 